logz logzerr logvol nlive logl logwt insert_order
-inf nan 0.000000000000000000e+00 4.000000000000000000e+02 -3.902726471956981982e+02 -3.962653614823895509e+02 nan
-3.962653614823895509e+02 nan -2.500000000000000052e-03 4.000000000000000000e+02 -3.787893115380088034e+02 -3.847845258247001539e+02 nan
-3.847845154986511034e+02 nan -5.000000000000000104e-03 4.000000000000000000e+02 -2.663343484395066412e+02 -2.723320627261979894e+02 nan
-2.723320627261979894e+02 nan -7.499999999999999722e-03 4.000000000000000000e+02 -2.362175595485530550e+02 -2.422177738352444010e+02 nan
-2.422177738352443157e+02 nan -1.000000000000000021e-02 4.000000000000000000e+02 -2.125146376733261775e+02 -2.185173519600175212e+02 nan
-2.185173519599665894e+02 nan -1.250000000000000069e-02 4.000000000000000000e+02 -2.006052492039987669e+02 -2.066104634906901367e+02 nan
-2.066104567469228357e+02 4.186742712893363638e+00 -1.500000000000000118e-02 4.000000000000000000e+02 -1.609086914064014024e+02 -1.669164056930927700e+02 nan
-1.669164056930927700e+02 2.196387148160293634e+01 -1.750000000000000167e-02 4.000000000000000000e+02 -1.107684222299394747e+02 -1.167786365166308258e+02 nan
-1.167786365166308258e+02 3.833983169199832730e+01 -2.000000000000000042e-02 4.000000000000000000e+02 -9.831506311649799557e+01 -1.043277774031893586e+02 nan
-1.043277734888385737e+02 4.282406092777335971e+01 -2.249999999999999917e-02 4.000000000000000000e+02 -9.757713479193729711e+01 -1.035923490786286578e+02 nan
-1.032007787270070196e+02 1.775878495624468556e+01 -2.499999999999999792e-02 4.000000000000000000e+02 -6.249670517679365389e+01 -6.851441946348501233e+01 nan
-6.851441946348501233e+01 1.719027203283997451e+01 -2.749999999999999667e-02 4.000000000000000000e+02 -5.798103564958217504e+01 -6.400124993627353831e+01 nan
-6.399034594599770287e+01 1.822859240895135713e+01 -2.999999999999999542e-02 4.000000000000000000e+02 -5.442932661053170307e+01 -6.045204089722305696e+01 nan
-6.042339265994848319e+01 1.591894994605994640e+01 -3.249999999999999417e-02 4.000000000000000000e+02 -5.047678943332083179e+01 -5.650200372001219051e+01 nan
-5.648238389787002234e+01 1.295234915014645827e+00 -3.499999999999999639e-02 4.000000000000000000e+02 -4.939323304763880884e+01 -5.542094733433016529e+01 nan
-5.512384096400980127e+01 1.253839548909506663e+00 -3.749999999999999861e-02 4.000000000000000000e+02 -4.736994520215826299e+01 -5.340015948884961716e+01 nan
-5.323599500155884812e+01 1.651908716137675315e+00 -4.000000000000000083e-02 4.000000000000000000e+02 -4.226500735347870830e+01 -4.829772164017006730e+01 nan
-4.829058023834091529e+01 3.162691146046785473e+00 -4.250000000000000305e-02 4.000000000000000000e+02 -4.024507643288259118e+01 -4.628029071957394791e+01 nan
-4.615458370567873914e+01 2.450085935554259020e+00 -4.500000000000000527e-02 4.000000000000000000e+02 -2.657592327015813893e+01 -3.261363755684949695e+01 nan
-3.261363624089302959e+01 7.529967885383399562e+00 -4.750000000000000749e-02 4.000000000000000000e+02 -2.197146257163532823e+01 -2.801167685832668752e+01 nan
-2.800169468675695228e+01 6.765147676513758590e+00 -5.000000000000000971e-02 4.000000000000000000e+02 -1.959719771824223500e+01 -2.563991200493359202e+01 nan
-2.554984093265970913e+01 6.060383145458111187e+00 -5.250000000000001193e-02 4.000000000000000000e+02 -1.552219937415665818e+01 -2.156741366084801470e+01 nan
-2.154894492356005387e+01 6.996394903563152745e+00 -5.500000000000001416e-02 4.000000000000000000e+02 -1.528476186272551374e+01 -2.133247614941686976e+01 nan
-2.074171741520606815e+01 6.987485001473171309e+00 -5.750000000000001638e-02 4.000000000000000000e+02 -1.112595715439876365e+01 -1.717617144109011917e+01 nan
-1.714828243968619859e+01 7.771782569492868831e+00 -6.000000000000001860e-02 4.000000000000000000e+02 -1.036077382961776294e+01 -1.641348811630911797e+01 nan
-1.602171356960192483e+01 1.264107606763313907e+00 -6.250000000000001388e-02 4.000000000000000000e+02 -1.012284322115338320e+01 -1.617805750784474128e+01 nan
-1.540368603660447278e+01 1.075688454633951352e+00 -6.500000000000001610e-02 4.000000000000000000e+02 -1.011366322947629115e+01 -1.617137751616764874e+01 nan
-1.502245680700176322e+01 5.827554635054137400e-01 -6.750000000000001832e-02 4.000000000000000000e+02 -9.708878361091699105e+00 -1.576909264778305619e+01 nan
-1.463450527343437457e+01 4.690322570556176851e-01 -7.000000000000002054e-02 4.000000000000000000e+02 -9.455195737876355366e+00 -1.551791002456771196e+01 nan
-1.428852617024674565e+01 5.046113854305790403e-01 -7.250000000000002276e-02 4.000000000000000000e+02 -8.922169412378693210e+00 -1.498738369907005108e+01 nan
-1.388496089074208584e+01 6.857666105009083690e-01 -7.500000000000002498e-02 4.000000000000000000e+02 -8.425881542600302865e+00 -1.449359582929166024e+01 nan
-1.345052415412481750e+01 6.183827590364788795e-01 -7.750000000000002720e-02 4.000000000000000000e+02 -7.414238556688487414e+00 -1.348445284337984518e+01 nan
-1.277419743059941126e+01 8.800819984611565339e-01 -8.000000000000002942e-02 4.000000000000000000e+02 -7.085179029753333246e+00 -1.315789331644469051e+01 nan
-1.225460716850421150e+01 9.840344584991467247e-01 -8.250000000000003164e-02 4.000000000000000000e+02 -6.948229912136064002e+00 -1.302344419882742166e+01 nan
-1.187374091205153803e+01 7.832958138545978999e-01 -8.500000000000003386e-02 4.000000000000000000e+02 -6.785831946633638978e+00 -1.286354623332499614e+01 nan
-1.155772722003346331e+01 6.737369536920457813e-01 -8.750000000000003608e-02 4.000000000000000000e+02 -6.103359733660358444e+00 -1.218357402035171688e+01 nan
-1.112932169315504893e+01 7.717570187006488336e-01 -9.000000000000003830e-02 4.000000000000000000e+02 -6.007685243636841754e+00 -1.209039953032819881e+01 nan
-1.080544240729023286e+01 7.641114449534328612e-01 -9.250000000000004052e-02 4.000000000000000000e+02 -5.998161398986988857e+00 -1.208337568567834630e+01 nan
-1.055966688574937429e+01 7.998795693056626188e-01 -9.500000000000004274e-02 4.000000000000000000e+02 -5.292532383411917785e+00 -1.138024667010327562e+01 nan
-1.019490129831795855e+01 9.573764408172253937e-01 -9.750000000000004496e-02 4.000000000000000000e+02 -5.286113424633737345e+00 -1.137632771132509468e+01 nan
-9.927288719098443792e+00 5.266694983562130172e-01 -1.000000000000000472e-01 4.000000000000000000e+02 -5.092706296719477166e+00 -1.118542058341083489e+01 nan
-9.677164890200760539e+00 4.878201753937740359e-01 -1.025000000000000494e-01 4.000000000000000000e+02 -4.546985751925489261e+00 -1.064220003861684560e+01 nan
-9.354378877693498850e+00 5.101142867109974555e-01 -1.050000000000000516e-01 4.000000000000000000e+02 -4.423152904508872219e+00 -1.052086719120022984e+01 nan
-9.083238796203172427e+00 5.978049717697527798e-01 -1.075000000000000538e-01 4.000000000000000000e+02 -4.084856573301355098e+00 -1.018507085999271311e+01 nan
-8.796360696151669600e+00 6.822693613653011413e-01 -1.100000000000000561e-01 4.000000000000000000e+02 -4.029956001761314077e+00 -1.013267028845267248e+01 nan
-8.563018313299282980e+00 4.540583240358989081e-01 -1.125000000000000583e-01 4.000000000000000000e+02 -3.905168827349092542e+00 -1.001038311404044912e+01 nan
-8.351794121987197173e+00 4.951630497388379015e-01 -1.150000000000000605e-01 4.000000000000000000e+02 -3.892149546135616145e+00 -9.999863832826973109e+00 nan
-8.175808445812592140e+00 5.303494365170053904e-01 -1.175000000000000627e-01 4.000000000000000000e+02 -3.850915413488364081e+00 -9.961129700179721880e+00 nan
-8.020735479320190819e+00 6.029146850314707207e-01 -1.200000000000000649e-01 4.000000000000000000e+02 -3.559056919526156548e+00 -9.671771206217513850e+00 nan
-7.845227834303420522e+00 4.782055606024674943e-01 -1.225000000000000672e-01 4.000000000000000000e+02 -3.552486118937108639e+00 -9.667700405628465887e+00 nan
-7.695407408868403465e+00 4.166511968553762713e-01 -1.250000000000000555e-01 4.000000000000000000e+02 -3.525023510410203453e+00 -9.642737797101560204e+00 nan
-7.562053435871245455e+00 3.765572196454834986e-01 -1.275000000000000577e-01 4.000000000000000000e+02 -3.516534555508472160e+00 -9.636748842199828857e+00 nan
-7.443741938087659271e+00 4.046342951385290543e-01 -1.300000000000000600e-01 4.000000000000000000e+02 -3.494098807206147406e+00 -9.616813093897505382e+00 nan
-7.335939658151076515e+00 3.737206191858361559e-01 -1.325000000000000622e-01 4.000000000000000000e+02 -3.486395877516368813e+00 -9.611610164207725404e+00 nan
-7.238152543404384964e+00 3.308292591758678625e-01 -1.350000000000000644e-01 4.000000000000000000e+02 -3.399892692816740336e+00 -9.527606979508096430e+00 nan
-7.141641517402197437e+00 3.139942361167974982e-01 -1.375000000000000666e-01 4.000000000000000000e+02 -3.365136472864095118e+00 -9.495350759555453379e+00 nan
-7.050872478300100887e+00 3.202843691056727060e-01 -1.400000000000000688e-01 4.000000000000000000e+02 -3.315959587351120064e+00 -9.448673874042476939e+00 nan
-6.963853277885858617e+00 3.530008848645067587e-01 -1.425000000000000711e-01 4.000000000000000000e+02 -3.249745979566998955e+00 -9.384960266258357109e+00 nan
-6.878755764165884301e+00 3.537733995783144403e-01 -1.450000000000000733e-01 4.000000000000000000e+02 -3.236688610941973465e+00 -9.374402897633331122e+00 nan
-6.799535164379021168e+00 3.504265971434016858e-01 -1.475000000000000755e-01 4.000000000000000000e+02 -3.231253729512869377e+00 -9.371468016204225648e+00 nan
-6.725924399128680342e+00 3.655990886227175052e-01 -1.500000000000000777e-01 4.000000000000000000e+02 -3.221150216786934362e+00 -9.363864503478291468e+00 nan
-6.656857007112167324e+00 2.901747073653769271e-01 -1.525000000000000799e-01 4.000000000000000000e+02 -3.178045864648961771e+00 -9.323260151340319268e+00 nan
-6.589664108125683484e+00 2.985518436592392577e-01 -1.550000000000000822e-01 4.000000000000000000e+02 -3.163442746580190867e+00 -9.311157033271548755e+00 nan
-6.525960483801054757e+00 2.580931789313771763e-01 -1.575000000000000844e-01 4.000000000000000000e+02 -3.142334751115364533e+00 -9.292549037806722367e+00 nan
-6.464981912555602506e+00 2.751903899956744670e-01 -1.600000000000000866e-01 4.000000000000000000e+02 -3.139443984628065731e+00 -9.292158271319422624e+00 nan
-6.407487152807760822e+00 2.426742293024408970e-01 -1.625000000000000888e-01 4.000000000000000000e+02 -3.127317111655619986e+00 -9.282531398346977269e+00 nan
-6.352607336459325182e+00 2.560881783057084027e-01 -1.650000000000000910e-01 4.000000000000000000e+02 -3.110141566585465256e+00 -9.267855853276822486e+00 nan
-6.299834103732234958e+00 2.891926784579211263e-01 -1.675000000000000933e-01 4.000000000000000000e+02 -3.084722196238209424e+00 -9.244936482929567489e+00 nan
-6.248573968895943409e+00 2.990226527919893629e-01 -1.700000000000000955e-01 4.000000000000000000e+02 -3.055016614894162430e+00 -9.217730901585518666e+00 nan
-6.198502168551100588e+00 2.731913778845717067e-01 -1.725000000000000977e-01 4.000000000000000000e+02 -3.054809028066611809e+00 -9.220023314757970212e+00 nan
-6.150925081762209423e+00 2.574718513776222406e-01 -1.750000000000000999e-01 4.000000000000000000e+02 -3.054069468107447616e+00 -9.221783754798805077e+00 nan
-6.105587240128139470e+00 2.852601105070577403e-01 -1.775000000000001021e-01 4.000000000000000000e+02 -3.043162396363454203e+00 -9.213376683054811167e+00 nan
-6.061857805255190357e+00 2.979879144900682286e-01 -1.800000000000001044e-01 4.000000000000000000e+02 -3.040553939414192719e+00 -9.213268226105549630e+00 nan
-6.019956332841973179e+00 3.102760044094199920e-01 -1.825000000000001066e-01 4.000000000000000000e+02 -3.028146534197817541e+00 -9.203360820889175287e+00 nan
-5.979347815843517822e+00 3.020307084438656475e-01 -1.850000000000001088e-01 4.000000000000000000e+02 -3.023339717366866797e+00 -9.201054004058224933e+00 nan
-5.940235814816281490e+00 2.872074454638614549e-01 -1.875000000000001110e-01 4.000000000000000000e+02 -3.017503598149411825e+00 -9.197717884840768576e+00 nan
-5.902472722025105867e+00 2.810911743346962144e-01 -1.900000000000001132e-01 4.000000000000000000e+02 -3.013823543864050603e+00 -9.196537830555408632e+00 nan
-5.866041746718130057e+00 2.908368851374506514e-01 -1.925000000000001155e-01 4.000000000000000000e+02 -3.010812138418762274e+00 -9.196026425110119362e+00 nan
-5.830873798896864635e+00 2.784529110538455088e-01 -1.950000000000001177e-01 4.000000000000000000e+02 -3.009131261144123215e+00 -9.196845547835479806e+00 nan
-5.796928082928767267e+00 2.526590485551989951e-01 -1.975000000000001199e-01 4.000000000000000000e+02 -3.007097188364671769e+00 -9.197311475056029195e+00 nan
-5.764111992034195886e+00 2.579114607393679370e-01 -2.000000000000001221e-01 4.000000000000000000e+02 -3.006462492437264267e+00 -9.199176779128620751e+00 nan
-5.732396950605552988e+00 2.588385231280104781e-01 -2.025000000000001243e-01 4.000000000000000000e+02 -3.006226491734178996e+00 -9.201440778425535427e+00 nan
-5.701725371487925464e+00 2.560872340597519226e-01 -2.050000000000001266e-01 4.000000000000000000e+02 -3.006215637622987824e+00 -9.203929924314344646e+00 nan
-5.672039504482659034e+00 2.543591139009130919e-01 -2.075000000000001288e-01 4.000000000000000000e+02 -3.006134880010674415e+00 -9.206349166702032960e+00 nan
-5.643278211107932485e+00 2.561680762777577836e-01 -2.100000000000001310e-01 4.000000000000000000e+02 -3.005529988310963407e+00 -9.208244275002320123e+00 nan
-5.615373255532725594e+00 2.575681964565708637e-01 -2.125000000000001332e-01 4.000000000000000000e+02 -3.005525955401850080e+00 -9.210740242093207186e+00 nan
-5.588292660031476622e+00 2.658048837959988142e-01 -2.150000000000001354e-01 4.000000000000000000e+02 -3.005456714359088455e+00 -9.213171001050445952e+00 nan
-5.561989306711857317e+00 2.671557603377494039e-01 -2.175000000000001377e-01 4.000000000000000000e+02 -3.005273805869698833e+00 -9.215488092561056277e+00 nan
-5.536418689158685957e+00 2.568602230312049262e-01 -2.200000000000001399e-01 4.000000000000000000e+02 -3.005140536712100463e+00 -9.217854823403456521e+00 nan
-5.511543871455674370e+00 2.676227029441813898e-01 -2.225000000000001421e-01 4.000000000000000000e+02 -3.005120653891900417e+00 -9.220334940583256866e+00 nan
-5.487332220558060136e+00 2.641184753615202219e-01 -2.250000000000001443e-01 4.000000000000000000e+02 -3.005053999004490439e+00 -9.222768285695847723e+00 nan
-5.463749723351424059e+00 2.520309496243450798e-01 -2.275000000000001465e-01 4.000000000000000000e+02 -3.005018204856929387e+00 -9.225232491548286617e+00 nan
-5.440766628160099039e+00 2.458755697097635695e-01 -2.300000000000001488e-01 4.000000000000000000e+02 -3.005010007186736498e+00 -9.227724293878093675e+00 nan
-5.418355200957675422e+00 2.471674787423001340e-01 -2.325000000000001510e-01 4.000000000000000000e+02 -3.005004369377182627e+00 -9.230218656068540639e+00 nan
-5.396489071548838723e+00 2.346389319021336128e-01 -2.350000000000001532e-01 4.000000000000000000e+02 -3.004986655775269799e+00 -9.232700942466626870e+00 nan
-5.375143344960558345e+00 2.333934165940438343e-01 -2.375000000000001554e-01 4.000000000000000000e+02 -3.004979219505291788e+00 -9.235193506196647917e+00 nan
-5.354295242057986570e+00 2.290182730595088367e-01 -2.400000000000001577e-01 4.000000000000000000e+02 -3.004977789488421536e+00 -9.237692076179779832e+00 nan
-5.333923368226211714e+00 2.322674517025295204e-01 -2.425000000000001599e-01 4.000000000000000000e+02 -3.004940225769341389e+00 -9.240154512460698299e+00 nan
-5.314006851995022984e+00 2.183747663566124875e-01 -2.450000000000001621e-01 4.000000000000000000e+02 -3.004931479541670836e+00 -9.242645766233028581e+00 nan
-5.294527387224114534e+00 2.252911722863992772e-01 -2.475000000000001643e-01 4.000000000000000000e+02 -3.004918643135604750e+00 -9.245132929826961998e+00 nan
-5.275467147426785353e+00 2.142039799246658605e-01 -2.500000000000001665e-01 4.000000000000000000e+02 -3.004900011772922763e+00 -9.247614298464279514e+00 nan
-5.256809339403655912e+00 2.146223285486256738e-01 -2.525000000000001688e-01 4.000000000000000000e+02 -3.004896820384779232e+00 -9.250111107076136818e+00 nan
-5.238538538588364268e+00 2.106244201740570254e-01 -2.550000000000001710e-01 4.000000000000000000e+02 -3.004886176570875200e+00 -9.252600463262233177e+00 nan
-5.220639792973827298e+00 2.210525213838008818e-01 -2.575000000000001732e-01 4.000000000000000000e+02 -3.004882550891804005e+00 -9.255096837583161928e+00 nan
-5.203099246513350984e+00 2.203403108068723026e-01 -2.600000000000001754e-01 4.000000000000000000e+02 -3.004867241833556246e+00 -9.257581528524912784e+00 nan
-5.185903487287222724e+00 2.208142027706739563e-01 -2.625000000000001776e-01 4.000000000000000000e+02 -3.004865730207418650e+00 -9.258830277315400537e+00 nan
-5.169019350281913283e+00 2.165683792796455898e-01 -2.650031302181187209e-01 3.990000000000000000e+02 -3.004865730207418650e+00 -9.258830277315400537e+00 nan
-5.152415560487599855e+00 2.170814102685829916e-01 -2.675125418235444474e-01 3.980000000000000000e+02 -3.004865730207418650e+00 -9.258830277315400537e+00 nan
-5.136082959888833344e+00 2.137306504413557795e-01 -2.700282664207917516e-01 3.970000000000000000e+02 -3.004865730207418650e+00 -9.258830277315400537e+00 nan
-5.120012832011058279e+00 2.084877157830156424e-01 -2.725503358535016352e-01 3.960000000000000000e+02 -3.004865730207418650e+00 -9.258830277315400537e+00 nan
-5.104196873984621519e+00 2.020399966482978593e-01 -2.750787822068603283e-01 3.950000000000000000e+02 -3.004865730207418650e+00 -9.258830277315400537e+00 nan
-5.088627170783780684e+00 2.004053689526335280e-01 -2.776136378100483859e-01 3.940000000000000000e+02 -3.004865730207418650e+00 -9.258830277315400537e+00 nan
-5.073296171440627944e+00 1.949310926493268425e-01 -2.801549352387209812e-01 3.930000000000000000e+02 -3.004865730207418650e+00 -9.258830277315400537e+00 nan
-5.058196667054982498e+00 1.903881689222566564e-01 -2.827027073175196747e-01 3.920000000000000000e+02 -3.004865730207418650e+00 -9.258830277315400537e+00 nan
-5.043321770439940011e+00 1.823983233773563695e-01 -2.852569871226164344e-01 3.910000000000000000e+02 -3.004865730207418650e+00 -9.258830277315400537e+00 nan
-5.028664897259229605e+00 1.760082185598673687e-01 -2.878178079842900750e-01 3.900000000000000000e+02 -3.004865730207418650e+00 -9.258830277315400537e+00 nan
-5.014219748527061427e+00 1.717892241704444545e-01 -2.903852034895358925e-01 3.890000000000000000e+02 -3.004865730207418650e+00 -9.258830277315400537e+00 nan
-4.999980294354045007e+00 1.631900228800941266e-01 -2.929592074847087169e-01 3.880000000000000000e+02 -3.004865730207418650e+00 -9.258830277315400537e+00 nan
-4.985940758834207287e+00 1.604705370962475064e-01 -2.955398540782003258e-01 3.870000000000000000e+02 -3.004865730207418650e+00 -9.258830277315400537e+00 nan
-4.972095605978304356e+00 1.568001884348504682e-01 -2.981271776431512754e-01 3.860000000000000000e+02 -3.004865730207418650e+00 -9.258830277315400537e+00 nan
-4.958439526607690162e+00 1.511495558339358003e-01 -3.007212128201979251e-01 3.850000000000000000e+02 -3.004865730207418650e+00 -9.258830277315400537e+00 nan
-4.944967426131089638e+00 1.543705038595331314e-01 -3.033219945202552670e-01 3.840000000000000000e+02 -3.004865730207418650e+00 -9.258830277315400537e+00 nan
-4.931674413133855239e+00 1.507028704129063368e-01 -3.059295579273361154e-01 3.830000000000000000e+02 -3.004865730207418650e+00 -9.258830277315400537e+00 nan
-4.918555788715738508e+00 1.448599413226488719e-01 -3.085439385014069336e-01 3.820000000000000000e+02 -3.004865730207418650e+00 -9.258830277315400537e+00 nan
-4.905607036519033848e+00 1.373710534449940901e-01 -3.111651719812811301e-01 3.810000000000000000e+02 -3.004865730207418650e+00 -9.258830277315400537e+00 nan
-4.892823813394120869e+00 1.320091999815050376e-01 -3.137932943875506586e-01 3.800000000000000000e+02 -3.004865730207418650e+00 -9.258830277315400537e+00 nan
-4.880201940654146142e+00 1.325160128543263760e-01 -3.164283420255557533e-01 3.790000000000000000e+02 -3.004865730207418650e+00 -9.258830277315400537e+00 nan
-4.867737395874769391e+00 1.268302183992301158e-01 -3.190703514883944103e-01 3.780000000000000000e+02 -3.004865730207418650e+00 -9.258830277315400537e+00 nan
-4.855426305198713877e+00 1.275481896545030969e-01 -3.217193596599713379e-01 3.770000000000000000e+02 -3.004865730207418650e+00 -9.258830277315400537e+00 nan
-4.843264936108284680e+00 1.323382668808512352e-01 -3.243754037180875960e-01 3.760000000000000000e+02 -3.004865730207418650e+00 -9.258830277315400537e+00 nan
-4.831249690632111182e+00 1.365884275706760187e-01 -3.270385211375713141e-01 3.750000000000000000e+02 -3.004865730207418650e+00 -9.258830277315400537e+00 nan
-4.819377098955183847e+00 1.346297205377037509e-01 -3.297087496934502093e-01 3.740000000000000000e+02 -3.004865730207418650e+00 -9.258830277315400537e+00 nan
-4.807643813403790212e+00 1.292664659132845284e-01 -3.323861274641666252e-01 3.730000000000000000e+02 -3.004865730207418650e+00 -9.258830277315400537e+00 nan
-4.796046602779258095e+00 1.305536451393294883e-01 -3.350706928348355929e-01 3.720000000000000000e+02 -3.004865730207418650e+00 -9.258830277315400537e+00 nan
-4.784582347016517190e+00 1.305960467643783596e-01 -3.377624845005470222e-01 3.710000000000000000e+02 -3.004865730207418650e+00 -9.258830277315400537e+00 nan
-4.773248032145382957e+00 1.273555175606476964e-01 -3.404615414697120257e-01 3.700000000000000000e+02 -3.004865730207418650e+00 -9.258830277315400537e+00 nan
-4.762040745534209307e+00 1.263034618270520160e-01 -3.431679030674549824e-01 3.690000000000000000e+02 -3.004865730207418650e+00 -9.258830277315400537e+00 nan
-4.750957671397129545e+00 1.313081232196770531e-01 -3.458816089390512327e-01 3.680000000000000000e+02 -3.004865730207418650e+00 -9.258830277315400537e+00 nan
-4.739996086547548337e+00 1.323263673158564802e-01 -3.486026990534119019e-01 3.670000000000000000e+02 -3.004865730207418650e+00 -9.258830277315400537e+00 nan
-4.729153356381863738e+00 1.374022736895625929e-01 -3.513312137066159080e-01 3.660000000000000000e+02 -3.004865730207418650e+00 -9.258830277315400537e+00 nan
-4.718426931078602671e+00 1.345558906649753084e-01 -3.540671935254906533e-01 3.650000000000000000e+02 -3.004865730207418650e+00 -9.258830277315400537e+00 nan
-4.707814341999249308e+00 1.356674042312462358e-01 -3.568106794712415097e-01 3.640000000000000000e+02 -3.004865730207418650e+00 -9.258830277315400537e+00 nan
-4.697313198278062707e+00 1.326523393213338287e-01 -3.595617128431313758e-01 3.630000000000000000e+02 -3.004865730207418650e+00 -9.258830277315400537e+00 nan
-4.686921183589092266e+00 1.316079721970903338e-01 -3.623203352822110812e-01 3.620000000000000000e+02 -3.004865730207418650e+00 -9.258830277315400537e+00 nan
-4.676636053079461064e+00 1.281593248886780390e-01 -3.650865887751011951e-01 3.610000000000000000e+02 -3.004865730207418650e+00 -9.258830277315400537e+00 nan
-4.666455630458758996e+00 1.309601941105380807e-01 -3.678605156578264035e-01 3.600000000000000000e+02 -3.004865730207418650e+00 -9.258830277315400537e+00 nan
-4.656377805235105249e+00 1.306675682455175069e-01 -3.706421586197032325e-01 3.590000000000000000e+02 -3.004865730207418650e+00 -9.258830277315400537e+00 nan
-4.646400530089096037e+00 1.329242801045414646e-01 -3.734315607072817844e-01 3.580000000000000000e+02 -3.004865730207418650e+00 -9.258830277315400537e+00 nan
-4.636521818377474347e+00 1.255568066936166571e-01 -3.762287653283430400e-01 3.570000000000000000e+02 -3.004865730207418650e+00 -9.258830277315400537e+00 nan
-4.626739741758893132e+00 1.239515903241057149e-01 -3.790338162559516721e-01 3.560000000000000000e+02 -3.004865730207418650e+00 -9.258830277315400537e+00 nan
-4.617052427934691394e+00 1.246532746598341956e-01 -3.818467576325663138e-01 3.550000000000000000e+02 -3.004865730207418650e+00 -9.258830277315400537e+00 nan
-4.607458058498047571e+00 1.254121209407934867e-01 -3.846676339742076678e-01 3.540000000000000000e+02 -3.004865730207418650e+00 -9.258830277315400537e+00 nan
-4.597954866885337388e+00 1.230169251064060082e-01 -3.874964901746853485e-01 3.530000000000000000e+02 -3.004865730207418650e+00 -9.258830277315400537e+00 nan
-4.588541136423925693e+00 1.208301825349539227e-01 -3.903333715098850076e-01 3.520000000000000000e+02 -3.004865730207418650e+00 -9.258830277315400537e+00 nan
-4.579215198470989456e+00 1.214206760407311458e-01 -3.931783236421163008e-01 3.510000000000000000e+02 -3.004865730207418650e+00 -9.258830277315400537e+00 nan
-4.569975430638327119e+00 1.186099270269965200e-01 -3.960313926245227489e-01 3.500000000000000000e+02 -3.004865730207418650e+00 -9.258830277315400537e+00 nan
-4.560820255098435361e+00 1.213540171869649104e-01 -3.988926249055549378e-01 3.490000000000000000e+02 -3.004865730207418650e+00 -9.258830277315400537e+00 nan
-4.551748136967423086e+00 1.194403597654801058e-01 -4.017620673335077774e-01 3.480000000000000000e+02 -3.004865730207418650e+00 -9.258830277315400537e+00 nan
-4.542757582760621027e+00 1.169500778977964756e-01 -4.046397671611229319e-01 3.470000000000000000e+02 -3.004865730207418650e+00 -9.258830277315400537e+00 nan
-4.533847138917002084e+00 1.151969864586322861e-01 -4.075257720502578618e-01 3.460000000000000000e+02 -3.004865730207418650e+00 -9.258830277315400537e+00 nan
-4.525015390388759329e+00 1.153116765208710148e-01 -4.104201300766223692e-01 3.450000000000000000e+02 -3.004865730207418650e+00 -9.258830277315400537e+00 nan
-4.516260959292625721e+00 1.148378001097699608e-01 -4.133228897345837538e-01 3.440000000000000000e+02 -3.004865730207418650e+00 -9.258830277315400537e+00 nan
-4.507582503619718572e+00 1.125395685049747352e-01 -4.162340999420421905e-01 3.430000000000000000e+02 -3.004865730207418650e+00 -9.258830277315400537e+00 nan
-4.498978716000885392e+00 1.141029513621219654e-01 -4.191538100453769400e-01 3.420000000000000000e+02 -3.004865730207418650e+00 -9.258830277315400537e+00 nan
-4.490448322524713376e+00 1.103027759720113521e-01 -4.220820698244652780e-01 3.410000000000000000e+02 -3.004865730207418650e+00 -9.258830277315400537e+00 nan
-4.481990081605527365e+00 1.096352391534555631e-01 -4.250189294977749777e-01 3.400000000000000000e+02 -3.004865730207418650e+00 -9.258830277315400537e+00 nan
-4.473602782898859154e+00 1.088670854990116121e-01 -4.279644397275317869e-01 3.390000000000000000e+02 -3.004865730207418650e+00 -9.258830277315400537e+00 nan
-4.465285246262026497e+00 1.050694425671136883e-01 -4.309186516249632892e-01 3.380000000000000000e+02 -3.004865730207418650e+00 -9.258830277315400537e+00 nan
-4.457036320757578274e+00 1.035785162190991926e-01 -4.338816167556203696e-01 3.370000000000000000e+02 -3.004865730207418650e+00 -9.258830277315400537e+00 nan
-4.448854883697512363e+00 1.019845237601170462e-01 -4.368533871447778383e-01 3.360000000000000000e+02 -3.004865730207418650e+00 -9.258830277315400537e+00 nan
-4.440739839726269622e+00 9.904831165552063776e-02 -4.398340152829156580e-01 3.350000000000000000e+02 -3.004865730207418650e+00 -9.258830277315400537e+00 nan
-4.432690119940644990e+00 9.467961587276609026e-02 -4.428235541312816603e-01 3.340000000000000000e+02 -3.004865730207418650e+00 -9.258830277315400537e+00 nan
-4.424704681044829613e+00 9.133323844794390134e-02 -4.458220571275382516e-01 3.330000000000000000e+02 -3.004865730207418650e+00 -9.258830277315400537e+00 nan
-4.416782504538931953e+00 9.180040919923981857e-02 -4.488295781914935501e-01 3.320000000000000000e+02 -3.004865730207418650e+00 -9.258830277315400537e+00 nan
-4.408922595939385403e+00 9.033723377986681291e-02 -4.518461717309191772e-01 3.310000000000000000e+02 -3.004865730207418650e+00 -9.258830277315400537e+00 nan
-4.401123984029756464e+00 8.822875862132444069e-02 -4.548718926474561441e-01 3.300000000000000000e+02 -3.004865730207418650e+00 -9.258830277315400537e+00 nan
-4.393385720140541295e+00 8.682165729425848910e-02 -4.579067963426101673e-01 3.290000000000000000e+02 -3.004865730207418650e+00 -9.258830277315400537e+00 nan
-4.385706877456615693e+00 8.508770179470868944e-02 -4.609509387238382994e-01 3.280000000000000000e+02 -3.004865730207418650e+00 -9.258830277315400537e+00 nan
-4.378086550351071082e+00 8.581039073687127261e-02 -4.640043762107286529e-01 3.270000000000000000e+02 -3.004865730207418650e+00 -9.258830277315400537e+00 nan
-4.370523853744241016e+00 8.420924557537431965e-02 -4.670671657412743816e-01 3.260000000000000000e+02 -3.004865730207418650e+00 -9.258830277315400537e+00 nan
-4.363017922486786659e+00 8.363783823784259885e-02 -4.701393647782445284e-01 3.250000000000000000e+02 -3.004865730207418650e+00 -9.258830277315400537e+00 nan
-4.355567910765758555e+00 8.057868807701659697e-02 -4.732210313156526293e-01 3.240000000000000000e+02 -3.004865730207418650e+00 -9.258830277315400537e+00 nan
-4.348172991532623044e+00 8.352731030774444843e-02 -4.763122238853254586e-01 3.230000000000000000e+02 -3.004865730207418650e+00 -9.258830277315400537e+00 nan
-4.340832355952281674e+00 8.255382106042531698e-02 -4.794130015635736930e-01 3.220000000000000000e+02 -3.004865730207418650e+00 -9.258830277315400537e+00 nan
-4.333545212872166097e+00 8.282888737250239386e-02 -4.825234239779661594e-01 3.210000000000000000e+02 -3.004865730207418650e+00 -9.258830277315400537e+00 nan
-4.326310788310534505e+00 8.125356933000529858e-02 -4.856435513142097760e-01 3.200000000000000000e+02 -3.004865730207418650e+00 -9.258830277315400537e+00 nan
-4.319128324963152465e+00 8.267688729111921653e-02 -4.887734443231374626e-01 3.190000000000000000e+02 -3.004865730207418650e+00 -9.258830277315400537e+00 nan
-4.311997081727554360e+00 8.347305795822686225e-02 -4.919131643278051857e-01 3.180000000000000000e+02 -3.004865730207418650e+00 -9.258830277315400537e+00 nan
-4.304916333244157123e+00 8.392510283537529814e-02 -4.950627732307014139e-01 3.170000000000000000e+02 -3.004865730207418650e+00 -9.258830277315400537e+00 nan
-4.297885369453498861e+00 8.442948741249378664e-02 -4.982223335210699267e-01 3.160000000000000000e+02 -3.004865730207418650e+00 -9.258830277315400537e+00 nan
-4.290903495168939763e+00 8.038173991582606148e-02 -5.013919082823490303e-01 3.150000000000000000e+02 -3.004865730207418650e+00 -9.258830277315400537e+00 nan
-4.283970029664174284e+00 7.935065640596125625e-02 -5.045715611997286798e-01 3.140000000000000000e+02 -3.004865730207418650e+00 -9.258830277315400537e+00 nan
-4.277084306274944403e+00 7.892108260132238429e-02 -5.077613565678288365e-01 3.130000000000000000e+02 -3.004865730207418650e+00 -9.258830277315400537e+00 nan
-4.270245672014373994e+00 7.878543494794709723e-02 -5.109613592984997288e-01 3.120000000000000000e+02 -3.004865730207418650e+00 -9.258830277315400537e+00 nan
-4.263453487201364744e+00 7.956604840400627321e-02 -5.141716349287479559e-01 3.110000000000000000e+02 -3.004865730207418650e+00 -9.258830277315400537e+00 nan
-4.256707125101528710e+00 7.797537172306154285e-02 -5.173922496287901573e-01 3.100000000000000000e+02 -3.004865730207418650e+00 -9.258830277315400537e+00 nan
-4.250005971580152142e+00 7.710142202667778777e-02 -5.206232702102365772e-01 3.090000000000000000e+02 -3.004865730207418650e+00 -9.258830277315400537e+00 nan
-4.243349424766706512e+00 7.951518164507741238e-02 -5.238647641344075234e-01 3.080000000000000000e+02 -3.004865730207418650e+00 -9.258830277315400537e+00 nan
-4.236736894730458225e+00 7.731859409924796145e-02 -5.271167995207848289e-01 3.070000000000000000e+02 -3.004865730207418650e+00 -9.258830277315400537e+00 nan
-4.230167803166726692e+00 7.643818353497151830e-02 -5.303794451556012035e-01 3.060000000000000000e+02 -3.004865730207418650e+00 -9.258830277315400537e+00 nan
-4.223641583093384888e+00 7.567571373213831387e-02 -5.336527705005703615e-01 3.050000000000000000e+02 -3.004865730207418650e+00 -9.258830277315400537e+00 nan
-4.217157678557196476e+00 7.534524557812752321e-02 -5.369368457017602569e-01 3.040000000000000000e+02 -3.004865730207418650e+00 -9.258830277315400537e+00 nan
-4.210715544349615591e+00 7.506927118524210629e-02 -5.402317415986127580e-01 3.030000000000000000e+02 -3.004865730207418650e+00 -9.258830277315400537e+00 nan
-4.204314645731678013e+00 7.293372487329637111e-02 -5.435375297331123123e-01 3.020000000000000000e+02 -3.004865730207418650e+00 -9.258830277315400537e+00 nan
-4.197954458167643566e+00 7.039763277738014802e-02 -5.468542823591062696e-01 3.010000000000000000e+02 -3.004865730207418650e+00 -9.258830277315400537e+00 nan
-4.191634467067057557e+00 6.565134798271375638e-02 -5.501820724517809680e-01 3.000000000000000000e+02 -3.004865730207418650e+00 -9.258830277315400537e+00 nan
-4.185354167534907965e+00 6.607851662476828258e-02 -5.535209737172955835e-01 2.990000000000000000e+02 -3.004865730207418650e+00 -9.258830277315400537e+00 nan
-4.179113064129582611e+00 6.506147061558706368e-02 -5.568710606025775167e-01 2.980000000000000000e+02 -3.004865730207418650e+00 -9.258830277315400537e+00 nan
-4.172910670628329655e+00 6.297026412780269700e-02 -5.602324083052823145e-01 2.970000000000000000e+02 -3.004865730207418650e+00 -9.258830277315400537e+00 nan
-4.166746509799949649e+00 6.214500505431670013e-02 -5.636050927839215685e-01 2.960000000000000000e+02 -3.004865730207418650e+00 -9.258830277315400537e+00 nan
-4.160620113184450908e+00 6.318527080491649628e-02 -5.669891907681621213e-01 2.950000000000000000e+02 -3.004865730207418650e+00 -9.258830277315400537e+00 nan
-4.154531020879407954e+00 6.266744406875185414e-02 -5.703847797693003541e-01 2.940000000000000000e+02 -3.004865730207418650e+00 -9.258830277315400537e+00 nan
-4.148478781332793019e+00 6.512483606077795750e-02 -5.737919380909146660e-01 2.930000000000000000e+02 -3.004865730207418650e+00 -9.258830277315400537e+00 nan
-4.142462951142033667e+00 6.566592217976792434e-02 -5.772107448397002516e-01 2.920000000000000000e+02 -3.004865730207418650e+00 -9.258830277315400537e+00 nan
-4.136483094859080722e+00 6.354176135484947141e-02 -5.806412799364895072e-01 2.910000000000000000e+02 -3.004865730207418650e+00 -9.258830277315400537e+00 nan
-4.130538784801268903e+00 6.275036814197432200e-02 -5.840836241274622864e-01 2.900000000000000000e+02 -3.004865730207418650e+00 -9.258830277315400537e+00 nan
-4.124629600867766754e+00 6.131718913665665932e-02 -5.875378589955498887e-01 2.890000000000000000e+02 -3.004865730207418650e+00 -9.258830277315400537e+00 nan
-4.118755130361416050e+00 5.975159549536320641e-02 -5.910040669720361128e-01 2.880000000000000000e+02 -3.004865730207418650e+00 -9.258830277315400537e+00 nan
-4.112914967815778589e+00 6.214978763110800414e-02 -5.944823313483609262e-01 2.870000000000000000e+02 -3.004865730207418650e+00 -9.258830277315400537e+00 nan
-4.107108714827195861e+00 6.225435821247931462e-02 -5.979727362881294139e-01 2.860000000000000000e+02 -3.004865730207418650e+00 -9.258830277315400537e+00 nan
-4.101335979891706174e+00 6.174365206271360124e-02 -6.014753668393314490e-01 2.850000000000000000e+02 -3.004865730207418650e+00 -9.258830277315400537e+00 nan
-4.095596378246632696e+00 6.230185277343243400e-02 -6.049903089467759676e-01 2.840000000000000000e+02 -3.004865730207418650e+00 -9.258830277315400537e+00 nan
-4.089889531716698556e+00 6.301259010421350615e-02 -6.085176494647444034e-01 2.830000000000000000e+02 -3.004865730207418650e+00 -9.258830277315400537e+00 nan
-4.084215068564503781e+00 6.221740766528050665e-02 -6.120574761698683863e-01 2.820000000000000000e+02 -3.004865730207418650e+00 -9.258830277315400537e+00 nan
-4.078572623345222858e+00 6.467355806018154629e-02 -6.156098777742362582e-01 2.810000000000000000e+02 -3.004865730207418650e+00 -9.258830277315400537e+00 nan
-4.072961836765378152e+00 6.432221607899638038e-02 -6.191749439387324028e-01 2.800000000000000000e+02 -3.004865730207418650e+00 -9.258830277315400537e+00 nan
-4.067382355545552386e+00 6.296252881470781881e-02 -6.227527652866163832e-01 2.790000000000000000e+02 -3.004865730207418650e+00 -9.258830277315400537e+00 nan
-4.061833832286911417e+00 6.159142067292592421e-02 -6.263434334173449969e-01 2.780000000000000000e+02 -3.004865730207418650e+00 -9.258830277315400537e+00 nan
-4.056315925341409390e+00 6.032511425918296588e-02 -6.299470409206435750e-01 2.770000000000000000e+02 -3.004865730207418650e+00 -9.258830277315400537e+00 nan
-4.050828298685553719e+00 5.882674156020172018e-02 -6.335636813908320786e-01 2.760000000000000000e+02 -3.004865730207418650e+00 -9.258830277315400537e+00 nan
-4.045370621797616195e+00 5.584686463282882707e-02 -6.371934494414107641e-01 2.750000000000000000e+02 -3.004865730207418650e+00 -9.258830277315400537e+00 nan
-4.039942569538176542e+00 5.634989242690741085e-02 -6.408364407199118595e-01 2.740000000000000000e+02 -3.004865730207418650e+00 -9.258830277315400537e+00 nan
-4.034543822033889171e+00 5.586738316874823723e-02 -6.444927519230223556e-01 2.730000000000000000e+02 -3.004865730207418650e+00 -9.258830277315400537e+00 nan
-4.029174064564373658e+00 5.789332059242911083e-02 -6.481624808119847980e-01 2.720000000000000000e+02 -3.004865730207418650e+00 -9.258830277315400537e+00 nan
-4.023832987452124144e+00 5.696011198140284171e-02 -6.518457262282811859e-01 2.710000000000000000e+02 -3.004865730207418650e+00 -9.258830277315400537e+00 nan
-4.018520285955340832e+00 5.798200625771773864e-02 -6.555425881096073049e-01 2.700000000000000000e+02 -3.004865730207418650e+00 -9.258830277315400537e+00 nan
-4.013235660163598340e+00 5.691430154389628959e-02 -6.592531675061429342e-01 2.690000000000000000e+02 -3.004865730207418650e+00 -9.258830277315400537e+00 nan
-4.007978814896251407e+00 5.689352417815364549e-02 -6.629775665971253673e-01 2.680000000000000000e+02 -3.004865730207418650e+00 -9.258830277315400537e+00 nan
-4.002749459603501592e+00 5.679765997566433439e-02 -6.667158887077324625e-01 2.670000000000000000e+02 -3.004865730207418650e+00 -9.258830277315400537e+00 nan
-3.997547308270031685e+00 5.599114852657548214e-02 -6.704682383262828838e-01 2.660000000000000000e+02 -3.004865730207418650e+00 -9.258830277315400537e+00 nan
-3.992372079321140355e+00 5.352015184496971417e-02 -6.742347211217597502e-01 2.650000000000000000e+02 -3.004865730207418650e+00 -9.258830277315400537e+00 nan
-3.987223495531287742e+00 5.355358078822285151e-02 -6.780154439616657980e-01 2.640000000000000000e+02 -3.004865730207418650e+00 -9.258830277315400537e+00 nan
-3.982101283934985414e+00 5.101333101942587961e-02 -6.818105149302173817e-01 2.630000000000000000e+02 -3.004865730207418650e+00 -9.258830277315400537e+00 nan
-3.977005175739957821e+00 5.159237094060713236e-02 -6.856200433468850886e-01 2.620000000000000000e+02 -3.004865730207418650e+00 -9.258830277315400537e+00 nan
-3.971934906242503338e+00 5.298482046450073840e-02 -6.894441397852885123e-01 2.610000000000000000e+02 -3.004865730207418650e+00 -9.258830277315400537e+00 nan
-3.966890214744992260e+00 5.243290438136552489e-02 -6.932829160924541823e-01 2.600000000000000000e+02 -3.004865730207418650e+00 -9.258830277315400537e+00 nan
-3.961870844475432918e+00 5.377367497343004538e-02 -6.971364854084441953e-01 2.590000000000000000e+02 -3.004865730207418650e+00 -9.258830277315400537e+00 nan
-3.956876542509049077e+00 5.445612737184166163e-02 -7.010049621863645442e-01 2.580000000000000000e+02 -3.004865730207418650e+00 -9.258830277315400537e+00 nan
-3.951907059691803781e+00 5.297937134728811226e-02 -7.048884622127621347e-01 2.570000000000000000e+02 -3.004865730207418650e+00 -9.258830277315400537e+00 nan
-3.946962150565815008e+00 5.250131527616758165e-02 -7.087871026284194853e-01 2.560000000000000000e+02 -3.004865730207418650e+00 -9.258830277315400537e+00 nan
-3.942041573296606316e+00 5.180419315339206826e-02 -7.127010019495557680e-01 2.550000000000000000e+02 -3.004865730207418650e+00 -9.258830277315400537e+00 nan
-3.937145089602138270e+00 5.373834113293100845e-02 -7.166302800894452929e-01 2.540000000000000000e+02 -3.004865730207418650e+00 -9.258830277315400537e+00 nan
-3.932272464683570057e+00 5.434441625293819772e-02 -7.205750583804616527e-01 2.530000000000000000e+02 -3.004865730207418650e+00 -9.258830277315400537e+00 nan
-3.927423467157697523e+00 5.277099928189109279e-02 -7.245354595965586286e-01 2.520000000000000000e+02 -3.004865730207418650e+00 -9.258830277315400537e+00 nan
-3.922597868991023251e+00 5.109048124004453295e-02 -7.285116079761980723e-01 2.510000000000000000e+02 -3.004865730207418650e+00 -9.258830277315400537e+00 nan
-3.917795445435409807e+00 5.134000017596149906e-02 -7.325036292457355325e-01 2.500000000000000000e+02 -3.004865730207418650e+00 -9.258830277315400537e+00 nan
-3.913015974965269095e+00 5.142310330696141935e-02 -7.365116506432743959e-01 2.490000000000000000e+02 -3.004865730207418650e+00 -9.258830277315400537e+00 nan
-3.908259239216246961e+00 4.934812918278193294e-02 -7.405358009429998667e-01 2.480000000000000000e+02 -3.004865730207418650e+00 -9.258830277315400537e+00 nan
-3.903525022925359966e+00 4.834922174139153622e-02 -7.445762104800048853e-01 2.470000000000000000e+02 -3.004865730207418650e+00 -9.258830277315400537e+00 nan
-3.898813113872539482e+00 4.887197469589645710e-02 -7.486330111756193118e-01 2.460000000000000000e+02 -3.004865730207418650e+00 -9.258830277315400537e+00 nan
-3.894123302823550237e+00 5.014868194223642828e-02 -7.527063365632551406e-01 2.450000000000000000e+02 -3.004865730207418650e+00 -9.258830277315400537e+00 nan
-3.889455383474238026e+00 4.854193736040436635e-02 -7.567963218147802928e-01 2.440000000000000000e+02 -3.004865730207418650e+00 -9.258830277315400537e+00 nan
-3.884809152396075493e+00 4.808472436450637183e-02 -7.609031037674337528e-01 2.430000000000000000e+02 -3.004865730207418650e+00 -9.258830277315400537e+00 nan
-3.880184408982963795e+00 4.721207637251536443e-02 -7.650268209512958162e-01 2.420000000000000000e+02 -3.004865730207418650e+00 -9.258830277315400537e+00 nan
-3.875580955399262173e+00 4.742101354426662974e-02 -7.691676136173272171e-01 2.410000000000000000e+02 -3.004865730207418650e+00 -9.258830277315400537e+00 nan
-3.870998596529005908e+00 4.647032809671278880e-02 -7.733256237659908994e-01 2.400000000000000000e+02 -3.004865730207418650e+00 -9.258830277315400537e+00 nan
-3.866437139926282907e+00 4.453461890731356260e-02 -7.775009951764715321e-01 2.390000000000000000e+02 -3.004865730207418650e+00 -9.258830277315400537e+00 nan
-3.861896395766738266e+00 4.641708241624462744e-02 -7.816938734365075359e-01 2.380000000000000000e+02 -3.004865730207418650e+00 -9.258830277315400537e+00 nan
-3.857376176800172640e+00 4.686822540611750021e-02 -7.859044059728510501e-01 2.370000000000000000e+02 -3.004865730207418650e+00 -9.258830277315400537e+00 nan
-3.852876298304209524e+00 4.816916672663014432e-02 -7.901327420823721637e-01 2.360000000000000000e+02 -3.004865730207418650e+00 -9.258830277315400537e+00 nan
-3.848396578038998594e+00 4.856624638234727231e-02 -7.943790329638232839e-01 2.350000000000000000e+02 -3.004865730207418650e+00 -9.258830277315400537e+00 nan
-3.843936836202929808e+00 4.734769773211160854e-02 -7.986434317502808522e-01 2.340000000000000000e+02 -3.004865730207418650e+00 -9.258830277315400537e+00 nan
-3.839496895389330255e+00 4.758499184513712010e-02 -8.029260935422817269e-01 2.330000000000000000e+02 -3.004865730207418650e+00 -9.258830277315400537e+00 nan
-3.835076580544118929e+00 4.719319890195980416e-02 -8.072271754416723288e-01 2.320000000000000000e+02 -3.004865730207418650e+00 -9.258830277315400537e+00 nan
-3.830675718924392736e+00 4.611601774419313293e-02 -8.115468365861887579e-01 2.310000000000000000e+02 -3.004865730207418650e+00 -9.258830277315400537e+00 nan
-3.826294140057919346e+00 4.552975613201117044e-02 -8.158852381847869761e-01 2.300000000000000000e+02 -3.004865730207418650e+00 -9.258830277315400537e+00 nan
-3.821931675703513775e+00 4.549287545563113905e-02 -8.202425435537427090e-01 2.290000000000000000e+02 -3.004865730207418650e+00 -9.258830277315400537e+00 nan
-3.817588159812276949e+00 4.576539848613251499e-02 -8.246189181535416024e-01 2.280000000000000000e+02 -3.004865730207418650e+00 -9.258830277315400537e+00 nan
-3.813263428489670037e+00 4.447196230350419777e-02 -8.290145296265797326e-01 2.270000000000000000e+02 -3.004865730207418650e+00 -9.258830277315400537e+00 nan
-3.808957319958407250e+00 4.374946325351046494e-02 -8.334295478356965603e-01 2.260000000000000000e+02 -3.004865730207418650e+00 -9.258830277315400537e+00 nan
-3.804669674522143552e+00 4.308212012869246793e-02 -8.378641449035623134e-01 2.250000000000000000e+02 -3.004865730207418650e+00 -9.258830277315400537e+00 nan
-3.800400334529937751e+00 4.478624868965899730e-02 -8.423184952529425562e-01 2.240000000000000000e+02 -3.004865730207418650e+00 -9.258830277315400537e+00 nan
-3.796149144341469217e+00 4.295659296774275576e-02 -8.467927756478637047e-01 2.230000000000000000e+02 -3.004865730207418650e+00 -9.258830277315400537e+00 nan
-3.791915950292993553e+00 4.339447017164262815e-02 -8.512871652357030250e-01 2.220000000000000000e+02 -3.004865730207418650e+00 -9.258830277315400537e+00 nan
-3.787700600664015038e+00 4.168511608375683603e-02 -8.558018455902296484e-01 2.210000000000000000e+02 -3.004865730207418650e+00 -9.258830277315400537e+00 nan
-3.783502945644656279e+00 4.202345534623326551e-02 -8.603370007556209176e-01 2.200000000000000000e+02 -3.004865730207418650e+00 -9.258830277315400537e+00 nan
-3.779322837303713545e+00 4.133925338968268831e-02 -8.648928172914815971e-01 2.190000000000000000e+02 -3.004865730207418650e+00 -9.258830277315400537e+00 nan
-3.775160129557373789e+00 4.092545719079788979e-02 -8.694694843188933708e-01 2.180000000000000000e+02 -3.004865730207418650e+00 -9.258830277315400537e+00 nan
-3.771014678138582266e+00 4.153921922039352510e-02 -8.740671935675228266e-01 2.170000000000000000e+02 -3.004865730207418650e+00 -9.258830277315400537e+00 nan
-3.766886340567040747e+00 4.257355443065496958e-02 -8.786861394238173473e-01 2.160000000000000000e+02 -3.004865730207418650e+00 -9.258830277315400537e+00 nan
-3.762774976119823922e+00 4.275684094151190745e-02 -8.833265189803195527e-01 2.150000000000000000e+02 -3.004865730207418650e+00 -9.258830277315400537e+00 nan
-3.758680445802597081e+00 4.407778090826731943e-02 -8.879885320861308218e-01 2.140000000000000000e+02 -3.004865730207418650e+00 -9.258830277315400537e+00 nan
-3.754602612321419564e+00 4.373282808270954891e-02 -8.926723813985572020e-01 2.130000000000000000e+02 -3.004865730207418650e+00 -9.258830277315400537e+00 nan
-3.750541340055121964e+00 4.280779350013391021e-02 -8.973782724359699037e-01 2.120000000000000000e+02 -3.004865730207418650e+00 -9.258830277315400537e+00 nan
-3.746496495028241114e+00 4.350543917948169331e-02 -9.021064136319159044e-01 2.110000000000000000e+02 -3.004865730207418650e+00 -9.258830277315400537e+00 nan
-3.742467944884501740e+00 4.396127496955367503e-02 -9.068570163905137482e-01 2.100000000000000000e+02 -3.004865730207418650e+00 -9.258830277315400537e+00 nan
-3.738455558860827921e+00 4.378621155699295026e-02 -9.116302951431713986e-01 2.090000000000000000e+02 -3.004865730207418650e+00 -9.258830277315400537e+00 nan
-3.734459207761875899e+00 4.255333881683915492e-02 -9.164264674066644467e-01 2.080000000000000000e+02 -3.004865730207418650e+00 -9.258830277315400537e+00 nan
-3.730478763935071829e+00 4.175051268189267084e-02 -9.212457538426133130e-01 2.070000000000000000e+02 -3.004865730207418650e+00 -9.258830277315400537e+00 nan
-3.726514101246146904e+00 4.069040716094908527e-02 -9.260883783184012952e-01 2.060000000000000000e+02 -3.004865730207418650e+00 -9.258830277315400537e+00 nan
-3.722565095055152984e+00 4.128837265266150497e-02 -9.309545679695742093e-01 2.050000000000000000e+02 -3.004865730207418650e+00 -9.258830277315400537e+00 nan
-3.718631622192951180e+00 4.228714908467250816e-02 -9.358445532637660325e-01 2.040000000000000000e+02 -3.004865730207418650e+00 -9.258830277315400537e+00 nan
-3.714713560938160519e+00 4.055074942764681778e-02 -9.407585680661950667e-01 2.030000000000000000e+02 -3.004865730207418650e+00 -9.258830277315400537e+00 nan
-3.710810790994557351e+00 3.912984753079442463e-02 -9.456968497067775870e-01 2.020000000000000000e+02 -3.004865730207418650e+00 -9.258830277315400537e+00 nan
-3.706923193468913968e+00 3.965134372133113233e-02 -9.506596390489066017e-01 2.010000000000000000e+02 -3.004865730207418650e+00 -9.258830277315400537e+00 nan
-3.703050650849263992e+00 4.127803371040176389e-02 -9.556471805599456859e-01 2.000000000000000000e+02 -3.004865730207418650e+00 -9.258830277315400537e+00 nan
-3.699193046983590527e+00 4.141656636313142958e-02 -9.606597223834899557e-01 1.990000000000000000e+02 -3.004865730207418650e+00 -9.258830277315400537e+00 nan
-3.695350267058922000e+00 4.168596017903331702e-02 -9.656975164134471434e-01 1.980000000000000000e+02 -3.004865730207418650e+00 -9.258830277315400537e+00 nan
-3.691522197580827225e+00 4.298373973203745146e-02 -9.707608183699938387e-01 1.970000000000000000e+02 -3.004865730207418650e+00 -9.258830277315400537e+00 nan
-3.687708726353303046e+00 4.308909041343497726e-02 -9.758498878774650720e-01 1.960000000000000000e+02 -3.004865730207418650e+00 -9.258830277315400537e+00 nan
-3.683909742459043901e+00 4.312188326485182077e-02 -9.809649885442355277e-01 1.950000000000000000e+02 -3.004865730207418650e+00 -9.258830277315400537e+00 nan
-3.680125136240083084e+00 4.431945650776655116e-02 -9.861063880446542251e-01 1.940000000000000000e+02 -3.004865730207418650e+00 -9.258830277315400537e+00 nan
-3.676354799278800822e+00 4.438876909664835058e-02 -9.912743582030968392e-01 1.930000000000000000e+02 -3.004865730207418650e+00 -9.258830277315400537e+00 nan
-3.672598624379288967e+00 4.415352226266617414e-02 -9.964691750802008308e-01 1.920000000000000000e+02 -3.004865730207418650e+00 -9.258830277315400537e+00 nan
-3.668856505549062508e+00 4.331508526642363632e-02 -1.001691119061352442e+00 1.910000000000000000e+02 -3.004865730207418650e+00 -9.258830277315400537e+00 nan
-3.665128337981114370e+00 4.236962747783997590e-02 -1.006940474947496167e+00 1.900000000000000000e+02 -3.004865730207418650e+00 -9.258830277315400537e+00 nan
-3.661414018036301066e+00 4.254528736543149170e-02 -1.012217532048339974e+00 1.890000000000000000e+02 -3.004865730207418650e+00 -9.258830277315400537e+00 nan
-3.657713443226056516e+00 4.152502990022208240e-02 -1.017522584278033104e+00 1.880000000000000000e+02 -3.004865730207418650e+00 -9.258830277315400537e+00 nan
-3.654026512195423848e+00 4.170581048934060564e-02 -1.022855930253395718e+00 1.870000000000000000e+02 -3.004865730207418650e+00 -9.258830277315400537e+00 nan
-3.650353124706397612e+00 4.087366230777871035e-02 -1.028217873394781101e+00 1.860000000000000000e+02 -3.004865730207418650e+00 -9.258830277315400537e+00 nan
-3.646693181621572410e+00 4.059919790641147719e-02 -1.033608722029657478e+00 1.850000000000000000e+02 -3.004865730207418650e+00 -9.258830277315400537e+00 nan
-3.643046584888088635e+00 3.939944109149703250e-02 -1.039028789498996685e+00 1.840000000000000000e+02 -3.004865730207418650e+00 -9.258830277315400537e+00 nan
-3.639413237521871292e+00 3.933908611101433889e-02 -1.044478394266561416e+00 1.830000000000000000e+02 -3.004865730207418650e+00 -9.258830277315400537e+00 nan
-3.635793043592151275e+00 3.866603233784886295e-02 -1.049957860031186963e+00 1.820000000000000000e+02 -3.004865730207418650e+00 -9.258830277315400537e+00 nan
-3.632185908206269520e+00 3.945054811291014152e-02 -1.055467515842156478e+00 1.810000000000000000e+02 -3.004865730207418650e+00 -9.258830277315400537e+00 nan
-3.628591737494750724e+00 3.915871817280987266e-02 -1.061007696217771912e+00 1.800000000000000000e+02 -3.004865730207418650e+00 -9.258830277315400537e+00 nan
-3.625010438596647955e+00 3.998767556067406304e-02 -1.066578741267227182e+00 1.790000000000000000e+02 -3.004865730207418650e+00 -9.258830277315400537e+00 nan
-3.621441919645144392e+00 4.007748531213244786e-02 -1.072180996815897069e+00 1.780000000000000000e+02 -3.004865730207418650e+00 -9.258830277315400537e+00 nan
-3.617886089753415302e+00 4.006929374549825229e-02 -1.077814814534153065e+00 1.770000000000000000e+02 -3.004865730207418650e+00 -9.258830277315400537e+00 nan
-3.614342859000738262e+00 3.977971334563645128e-02 -1.083480552069830516e+00 1.760000000000000000e+02 -3.004865730207418650e+00 -9.258830277315400537e+00 nan
-3.610812138418848072e+00 3.978958665140230888e-02 -1.089178573184468313e+00 1.750000000000000000e+02 -3.004865730207418650e+00 -9.258830277315400537e+00 nan
-3.607293839978533256e+00 3.914724419256290083e-02 -1.094909247893453230e+00 1.740000000000000000e+02 -3.004865730207418650e+00 -9.258830277315400537e+00 nan
-3.603787876576467486e+00 3.860774477709155023e-02 -1.100672952610203259e+00 1.730000000000000000e+02 -3.004865730207418650e+00 -9.258830277315400537e+00 nan
-3.600294162022268818e+00 3.991589839817277080e-02 -1.106470070294529151e+00 1.720000000000000000e+02 -3.004865730207418650e+00 -9.258830277315400537e+00 nan
-3.596812611025786754e+00 3.825181822043964563e-02 -1.112300990605322282e+00 1.710000000000000000e+02 -3.004865730207418650e+00 -9.258830277315400537e+00 nan
-3.593343139184609569e+00 3.736987931536628338e-02 -1.118166110057720264e+00 1.700000000000000000e+02 -3.004865730207418650e+00 -9.258830277315400537e+00 nan
-3.589885662971785685e+00 3.798256681313147420e-02 -1.124065832184908631e+00 1.690000000000000000e+02 -3.004865730207418650e+00 -9.258830277315400537e+00 nan
-3.586440099723758212e+00 3.778199950205231999e-02 -1.130000567704723125e+00 1.680000000000000000e+02 -3.004865730207418650e+00 -9.258830277315400537e+00 nan
-3.583006367628506439e+00 3.581448707111303809e-02 -1.135970734691226891e+00 1.670000000000000000e+02 -3.004865730207418650e+00 -9.258830277315400537e+00 nan
-3.579584385713889372e+00 3.622070157824747866e-02 -1.141976758751438670e+00 1.660000000000000000e+02 -3.004865730207418650e+00 -9.258830277315400537e+00 nan
-3.576174073836190459e+00 3.690056057360912439e-02 -1.148019073207401375e+00 1.650000000000000000e+02 -3.004865730207418650e+00 -9.258830277315400537e+00 nan
-3.572775352668852822e+00 3.694502542052843785e-02 -1.154098119283783586e+00 1.640000000000000000e+02 -3.004865730207418650e+00 -9.258830277315400537e+00 nan
-3.569388143691408999e+00 3.854533834760374283e-02 -1.160214346301219779e+00 1.630000000000000000e+02 -3.004865730207418650e+00 -9.258830277315400537e+00 nan
-3.566012369178596320e+00 3.926057566608096017e-02 -1.166368211875598027e+00 1.620000000000000000e+02 -3.004865730207418650e+00 -9.258830277315400537e+00 nan
-3.562647952189654799e+00 3.995184407783407277e-02 -1.172560182123519201e+00 1.610000000000000000e+02 -3.004865730207418650e+00 -9.258830277315400537e+00 nan
-3.559294816557805330e+00 3.886371997734133082e-02 -1.178790731874155284e+00 1.600000000000000000e+02 -3.004865730207418650e+00 -9.258830277315400537e+00 nan
-3.555952886879902408e+00 3.849550719063334070e-02 -1.185060344887750583e+00 1.590000000000000000e+02 -3.004865730207418650e+00 -9.258830277315400537e+00 nan
-3.552622088506260933e+00 3.856277798720661454e-02 -1.191369514081015213e+00 1.580000000000000000e+02 -3.004865730207418650e+00 -9.258830277315400537e+00 nan
-3.549302347530650881e+00 3.800701021215877051e-02 -1.197718741759673966e+00 1.570000000000000000e+02 -3.004865730207418650e+00 -9.258830277315400537e+00 nan
-3.545993590780457172e+00 3.921262403853546102e-02 -1.204108539858445015e+00 1.560000000000000000e+02 -3.004865730207418650e+00 -9.258830277315400537e+00 nan
-3.542695745807002528e+00 3.841174987383618594e-02 -1.210539430188735333e+00 1.550000000000000000e+02 -3.004865730207418650e+00 -9.258830277315400537e+00 nan
-3.539408740876029302e+00 3.769945488692984931e-02 -1.217011944694352810e+00 1.540000000000000000e+02 -3.004865730207418650e+00 -9.258830277315400537e+00 nan
-3.536132504958336753e+00 3.875091142118487070e-02 -1.223526625715546601e+00 1.530000000000000000e+02 -3.004865730207418650e+00 -9.258830277315400537e+00 nan
-3.532866967720571960e+00 3.896438096275480628e-02 -1.230084026261705654e+00 1.520000000000000000e+02 -3.004865730207418650e+00 -9.258830277315400537e+00 nan
-3.529612059516168632e+00 3.799718199148399700e-02 -1.236684710293057821e+00 1.510000000000000000e+02 -3.004865730207418650e+00 -9.258830277315400537e+00 nan
-3.526367711376436009e+00 3.654071752657134936e-02 -1.243329253011726365e+00 1.500000000000000000e+02 -3.004865730207418650e+00 -9.258830277315400537e+00 nan
-3.523133855001789883e+00 3.614877253591768091e-02 -1.250018241162522914e+00 1.490000000000000000e+02 -3.004865730207418650e+00 -9.258830277315400537e+00 nan
-3.519910422753124379e+00 3.440094374145430400e-02 -1.256752273343866966e+00 1.480000000000000000e+02 -3.004865730207418650e+00 -9.258830277315400537e+00 nan
-3.516697347643324534e+00 3.387282266153367888e-02 -1.263531960329245640e+00 1.470000000000000000e+02 -3.004865730207418650e+00 -9.258830277315400537e+00 nan
-3.513494563328912523e+00 3.383597625047125163e-02 -1.270357925399645538e+00 1.460000000000000000e+02 -3.004865730207418650e+00 -9.258830277315400537e+00 nan
-3.510302004101828466e+00 3.228622527511919998e-02 -1.277230804687407684e+00 1.450000000000000000e+02 -3.004865730207418650e+00 -9.258830277315400537e+00 nan
-3.507119604881342223e+00 3.255062605847516138e-02 -1.284151247531981399e+00 1.440000000000000000e+02 -3.004865730207418650e+00 -9.258830277315400537e+00 nan
-3.503947301206092657e+00 3.195724934347505403e-02 -1.291119916848074700e+00 1.430000000000000000e+02 -3.004865730207418650e+00 -9.258830277315400537e+00 nan
-3.500785029226253009e+00 3.329002385565169031e-02 -1.298137489506721254e+00 1.420000000000000000e+02 -3.004865730207418650e+00 -9.258830277315400537e+00 nan
-3.497632725695820177e+00 3.452843236709844665e-02 -1.305204656729813673e+00 1.410000000000000000e+02 -3.004865730207418650e+00 -9.258830277315400537e+00 nan
-3.494490327965025234e+00 3.572078457838058496e-02 -1.312322124498677578e+00 1.400000000000000000e+02 -3.004865730207418650e+00 -9.258830277315400537e+00 nan
-3.491357773972862066e+00 3.537070302817305056e-02 -1.319490613977290172e+00 1.390000000000000000e+02 -3.004865730207418650e+00 -9.258830277315400537e+00 nan
-3.488235002239732374e+00 3.581389811281451840e-02 -1.326710861950777254e+00 1.380000000000000000e+02 -3.004865730207418650e+00 -9.258830277315400537e+00 nan
-3.485121951860207012e+00 3.610942727353259885e-02 -1.333983621279857035e+00 1.370000000000000000e+02 -3.004865730207418650e+00 -9.258830277315400537e+00 nan
-3.482018562495897918e+00 3.529950251825561547e-02 -1.341309661371929973e+00 1.360000000000000000e+02 -3.004865730207418650e+00 -9.258830277315400537e+00 nan
-3.478924774368441053e+00 3.442560401582300117e-02 -1.348689768669552480e+00 1.350000000000000000e+02 -3.004865730207418650e+00 -9.258830277315400537e+00 nan
-3.475840528252586825e+00 3.476412014236304054e-02 -1.356124747157070543e+00 1.340000000000000000e+02 -3.004865730207418650e+00 -9.258830277315400537e+00 nan
-3.472765765469398414e+00 3.450932152683020698e-02 -1.363615418886228170e+00 1.330000000000000000e+02 -3.004865730207418650e+00 -9.258830277315400537e+00 nan
-3.469700427879552240e+00 3.424379188956102466e-02 -1.371162624521611084e+00 1.320000000000000000e+02 -3.004865730207418650e+00 -9.258830277315400537e+00 nan
-3.466644457876741470e+00 3.466446807363107036e-02 -1.378767223906830486e+00 1.310000000000000000e+02 -3.004865730207418650e+00 -9.258830277315400537e+00 nan
-3.463597798381181647e+00 3.449965445476916442e-02 -1.386430096652399691e+00 1.300000000000000000e+02 -3.004865730207418650e+00 -9.258830277315400537e+00 nan
-3.460560392833212706e+00 3.424562037858000507e-02 -1.394152142746309941e+00 1.290000000000000000e+02 -3.004865730207418650e+00 -9.258830277315400537e+00 nan
-3.457532185186999119e+00 3.467187420957083821e-02 -1.401934283188364994e+00 1.280000000000000000e+02 -3.004865730207418650e+00 -9.258830277315400537e+00 nan
-3.454513119904324192e+00 3.493799703130255618e-02 -1.409777460649390912e+00 1.270000000000000000e+02 -3.004865730207418650e+00 -9.258830277315400537e+00 nan
-3.451503141948478959e+00 3.464536700189176088e-02 -1.417682640156504137e+00 1.260000000000000000e+02 -3.004865730207418650e+00 -9.258830277315400537e+00 nan
-3.448502196778242102e+00 3.494374710458054978e-02 -1.425650809805681041e+00 1.250000000000000000e+02 -3.004865730207418650e+00 -9.258830277315400537e+00 nan
-3.445510230341950031e+00 3.505957042416912167e-02 -1.433682981502945264e+00 1.240000000000000000e+02 -3.004865730207418650e+00 -9.258830277315400537e+00 nan
-3.442527189071654892e+00 3.487481597306517356e-02 -1.441780191735564598e+00 1.230000000000000000e+02 -3.004865730207418650e+00 -9.258830277315400537e+00 nan
-3.439553019877370499e+00 3.434118593705071804e-02 -1.449943502374725579e+00 1.220000000000000000e+02 -3.004865730207418650e+00 -9.258830277315400537e+00 nan
-3.436587670141403095e+00 3.268437883713461167e-02 -1.458174001511240991e+00 1.210000000000000000e+02 -3.004865730207418650e+00 -9.258830277315400537e+00 nan
-3.433631087712765151e+00 3.202546450169219128e-02 -1.466472804325936075e+00 1.200000000000000000e+02 -3.004865730207418650e+00 -9.258830277315400537e+00 nan
-3.430683220901673103e+00 3.218740708687159446e-02 -1.474841053996452711e+00 1.190000000000000000e+02 -3.004865730207418650e+00 -9.258830277315400537e+00 nan
-3.427744018474124132e+00 3.118355433943874669e-02 -1.483279922642317228e+00 1.180000000000000000e+02 -3.004865730207418650e+00 -9.258830277315400537e+00 nan
-3.424813429646554219e+00 2.976957622910685747e-02 -1.491790612310225805e+00 1.170000000000000000e+02 -3.004865730207418650e+00 -9.258830277315400537e+00 nan
-3.421891404080572574e+00 2.990339317739824920e-02 -1.500374356001617171e+00 1.160000000000000000e+02 -3.004865730207418650e+00 -9.258830277315400537e+00 nan
-3.418977891877774233e+00 3.021837488006784769e-02 -1.509032418744731707e+00 1.150000000000000000e+02 -3.004865730207418650e+00 -9.258830277315400537e+00 nan
-3.416072843574626372e+00 3.133093974949420490e-02 -1.517766098713486222e+00 1.140000000000000000e+02 -3.004865730207418650e+00 -9.258830277315400537e+00 nan
-3.413176210137430999e+00 3.024616165502586398e-02 -1.526576728395641069e+00 1.130000000000000000e+02 -3.004865730207418650e+00 -9.258830277315400537e+00 nan
-3.410287942957357821e+00 2.911369370213816657e-02 -1.535465675812887065e+00 1.120000000000000000e+02 -3.004865730207418650e+00 -9.258830277315400537e+00 nan
-3.407407993845550376e+00 2.897979436351437107e-02 -1.544434345795647534e+00 1.110000000000000000e+02 -3.004865730207418650e+00 -9.258830277315400537e+00 nan
-3.404536315028301896e+00 2.833285198997221102e-02 -1.553484181315565538e+00 1.100000000000000000e+02 -3.004865730207418650e+00 -9.258830277315400537e+00 nan
-3.401672859142299998e+00 2.817330339195237010e-02 -1.562616664878837991e+00 1.090000000000000000e+02 -3.004865730207418650e+00 -9.258830277315400537e+00 nan
-3.398817579229939767e+00 2.793029574508452961e-02 -1.571833319983761967e+00 1.080000000000000000e+02 -3.004865730207418650e+00 -9.258830277315400537e+00 nan
-3.395970428734703450e+00 2.763310689049881461e-02 -1.581135712646075442e+00 1.070000000000000000e+02 -3.004865730207418650e+00 -9.258830277315400537e+00 nan
-3.393131361496604992e+00 2.807485553968703390e-02 -1.590525452995914524e+00 1.060000000000000000e+02 -3.004865730207418650e+00 -9.258830277315400537e+00 nan
-3.390300331747700291e+00 2.837518416370549482e-02 -1.600004196950458368e+00 1.050000000000000000e+02 -3.004865730207418650e+00 -9.258830277315400537e+00 nan
-3.387477294107659631e+00 2.763762849759779025e-02 -1.609573647966609178e+00 1.040000000000000000e+02 -3.004865730207418650e+00 -9.258830277315400537e+00 nan
-3.384662203579403172e+00 2.734616384108037174e-02 -1.619235558878346026e+00 1.030000000000000000e+02 -3.004865730207418650e+00 -9.258830277315400537e+00 nan
-3.381855015544798171e+00 2.763785030742261367e-02 -1.628991733823710764e+00 1.020000000000000000e+02 -3.004865730207418650e+00 -9.258830277315400537e+00 nan
-3.379055685760414818e+00 2.806201078834275747e-02 -1.638844030266722429e+00 1.010000000000000000e+02 -3.004865730207418650e+00 -9.258830277315400537e+00 nan
-3.376264170353342919e+00 2.923856090755425768e-02 -1.648794361119890528e+00 1.000000000000000000e+02 -3.004865730207418650e+00 -9.258830277315400537e+00 nan
-3.373480425817065420e+00 3.046079175697491426e-02 -1.658844696973391875e+00 9.900000000000000000e+01 -3.004865730207418650e+00 -9.258830277315400537e+00 nan
-3.370704409007390989e+00 3.045759675469132677e-02 -1.668997068437409803e+00 9.800000000000000000e+01 -3.004865730207418650e+00 -9.258830277315400537e+00 nan
-3.367936077138441231e+00 3.123728574254370019e-02 -1.679253568604598845e+00 9.700000000000000000e+01 -3.004865730207418650e+00 -9.258830277315400537e+00 nan
-3.365175387778693405e+00 3.150669255554717357e-02 -1.689616355640145340e+00 9.600000000000000000e+01 -3.004865730207418650e+00 -9.258830277315400537e+00 nan
-3.362422298847079549e+00 3.067136947052613929e-02 -1.700087655507440676e+00 9.500000000000000000e+01 -3.004865730207418650e+00 -9.258830277315400537e+00 nan
-3.359676768609136221e+00 3.133085092303757729e-02 -1.710669764837977613e+00 9.400000000000000000e+01 -3.004865730207418650e+00 -9.258830277315400537e+00 nan
-3.356938755673209762e+00 3.146324615096329075e-02 -1.721365053954725610e+00 9.300000000000000000e+01 -3.004865730207418650e+00 -9.258830277315400537e+00 nan
-3.354208218986710843e+00 3.142707399914476674e-02 -1.732175970058941195e+00 9.200000000000000000e+01 -3.004865730207418650e+00 -9.258830277315400537e+00 nan
-3.351485117832421867e+00 3.142622094834640611e-02 -1.743105040591131472e+00 9.100000000000000000e+01 -3.004865730207418650e+00 -9.258830277315400537e+00 nan
-3.348769411824854103e+00 3.175878436979616415e-02 -1.754154876777716421e+00 9.000000000000000000e+01 -3.004865730207418650e+00 -9.258830277315400537e+00 nan
-3.346061060906653672e+00 3.150619505628656641e-02 -1.765328177375841578e+00 8.900000000000000000e+01 -3.004865730207418650e+00 -9.258830277315400537e+00 nan
-3.343360025345055941e+00 3.018064000522509630e-02 -1.776627732629775025e+00 8.800000000000000000e+01 -3.004865730207418650e+00 -9.258830277315400537e+00 nan
-3.340666265728388762e+00 2.992614449938118051e-02 -1.788056428453397739e+00 8.700000000000000000e+01 -3.004865730207418650e+00 -9.258830277315400537e+00 nan
-3.337979742962621899e+00 2.885275248320528368e-02 -1.799617250854473660e+00 8.600000000000000000e+01 -3.004865730207418650e+00 -9.258830277315400537e+00 nan
-3.335300418267961753e+00 2.904616896381488275e-02 -1.811313290617664995e+00 8.500000000000000000e+01 -3.004865730207418650e+00 -9.258830277315400537e+00 nan
-3.332628253175493604e+00 2.802982676834046491e-02 -1.823147748264667856e+00 8.400000000000000000e+01 -3.004865730207418650e+00 -9.258830277315400537e+00 nan
-3.329963209523867373e+00 2.888802015310716273e-02 -1.835123939311383623e+00 8.300000000000000000e+01 -3.004865730207418650e+00 -9.258830277315400537e+00 nan
-3.327305249456027791e+00 2.902985577120432287e-02 -1.847245299843728539e+00 8.200000000000000000e+01 -3.004865730207418650e+00 -9.258830277315400537e+00 nan
-3.324654335415987205e+00 2.869665824097699172e-02 -1.859515392435542980e+00 8.100000000000000000e+01 -3.004865730207418650e+00 -9.258830277315400537e+00 nan
-3.322010430145641902e+00 2.872983819223472526e-02 -1.871937912434100237e+00 8.000000000000000000e+01 -3.004865730207418650e+00 -9.258830277315400537e+00 nan
-3.319373496681630176e+00 2.793364581300998573e-02 -1.884516694640960388e+00 7.900000000000000000e+01 -3.004865730207418650e+00 -9.258830277315400537e+00 nan
-3.316743498352231256e+00 2.846714158887480792e-02 -1.897255720418390190e+00 7.800000000000000000e+01 -3.004865730207418650e+00 -9.258830277315400537e+00 nan
-3.314120398774306420e+00 2.819193415443585829e-02 -1.910159125254297985e+00 7.700000000000000000e+01 -3.004865730207418650e+00 -9.258830277315400537e+00 nan
-3.311504161850277406e+00 2.763043370298393087e-02 -1.923231206821650829e+00 7.600000000000000000e+01 -3.004865730207418650e+00 -9.258830277315400537e+00 nan
-3.308894751765146580e+00 2.731648054651095864e-02 -1.936476433571671540e+00 7.500000000000000000e+01 -3.004865730207418650e+00 -9.258830277315400537e+00 nan
-3.306292132983555732e+00 2.678258476398831175e-02 -1.949899453903812141e+00 7.400000000000000000e+01 -3.004865730207418650e+00 -9.258830277315400537e+00 nan
-3.303696270246881728e+00 2.563569012245162093e-02 -1.963505105959590713e+00 7.300000000000000000e+01 -3.004865730207418650e+00 -9.258830277315400537e+00 nan
-3.301107128570369920e+00 2.635201563590611890e-02 -1.977298428091926574e+00 7.200000000000000000e+01 -3.004865730207418650e+00 -9.258830277315400537e+00 nan
-3.298524673240306626e+00 2.525487576967552078e-02 -1.991284670066666429e+00 7.100000000000000000e+01 -3.004865730207418650e+00 -9.258830277315400537e+00 nan
-3.295948869811225368e+00 2.528653044271161193e-02 -2.005469305058622975e+00 7.000000000000000000e+01 -3.004865730207418650e+00 -9.258830277315400537e+00 nan
-3.293379684103150407e+00 2.482232337677623205e-02 -2.019858042510722651e+00 6.900000000000000000e+01 -3.004865730207418650e+00 -9.258830277315400537e+00 nan
-3.290817082198875365e+00 2.457516500275066726e-02 -2.034456841931875370e+00 6.800000000000000000e+01 -3.004865730207418650e+00 -9.258830277315400537e+00 nan
-3.288261030441277377e+00 2.546317354351665743e-02 -2.049271927717016162e+00 6.700000000000000000e+01 -3.004865730207418650e+00 -9.258830277315400537e+00 nan
-3.285711495430663209e+00 2.621047722928546153e-02 -2.064309805081556703e+00 6.600000000000000000e+01 -3.004865730207418650e+00 -9.258830277315400537e+00 nan
-3.283168444022151800e+00 2.682580154603616401e-02 -2.079577277212345088e+00 6.500000000000000000e+01 -3.004865730207418650e+00 -9.258830277315400537e+00 nan
-3.280631843323088770e+00 2.672219791648450596e-02 -2.095081463748310391e+00 6.400000000000000000e+01 -3.004865730207418650e+00 -9.258830277315400537e+00 nan
-3.278101660690492913e+00 2.575048651364881397e-02 -2.110829820716449756e+00 6.300000000000000000e+01 -3.004865730207418650e+00 -9.258830277315400537e+00 nan
-3.275577863728536432e+00 2.451945679033649614e-02 -2.126830162062891105e+00 6.200000000000000000e+01 -3.004865730207418650e+00 -9.258830277315400537e+00 nan
-3.273060420286055816e+00 2.459769148687182896e-02 -2.143090682934671420e+00 6.100000000000000000e+01 -3.004865730207418650e+00 -9.258830277315400537e+00 nan
-3.270549298454094700e+00 2.442044945453607577e-02 -2.159619984885881916e+00 6.000000000000000000e+01 -3.004865730207418650e+00 -9.258830277315400537e+00 nan
-3.268044466563476469e+00 2.424214809487153927e-02 -2.176427103202263069e+00 5.900000000000000000e+01 -3.004865730207418650e+00 -9.258830277315400537e+00 nan
-3.265545893182408399e+00 2.413034015106435212e-02 -2.193521536561563234e+00 5.800000000000000000e+01 -3.004865730207418650e+00 -9.258830277315400537e+00 nan
-3.263053547114114217e+00 2.359379846191590746e-02 -2.210913279273432508e+00 5.700000000000000000e+01 -3.004865730207418650e+00 -9.258830277315400537e+00 nan
-3.260567397394498634e+00 2.251217026392597978e-02 -2.228612856372833573e+00 5.600000000000000000e+01 -3.004865730207418650e+00 -9.258830277315400537e+00 nan
-3.258087413289837642e+00 2.192988814860915084e-02 -2.246631361875512045e+00 5.500000000000000000e+01 -3.004865730207418650e+00 -9.258830277315402313e+00 nan
-3.255613564294498996e+00 2.163107661655893493e-02 -2.264980500543708697e+00 5.400000000000000000e+01 -3.004865730207418650e+00 -9.258830277315400537e+00 nan
-3.253145820128691135e+00 2.168961926462643908e-02 -2.283672633555861253e+00 5.300000000000000000e+01 -3.004865730207418650e+00 -9.258830277315400537e+00 nan
-3.250684150736240063e+00 2.141852510333981663e-02 -2.302720828526555685e+00 5.200000000000000000e+01 -3.004865730207418650e+00 -9.258830277315400537e+00 nan
-3.248228526282391559e+00 2.107927172822160466e-02 -2.322138914383657493e+00 5.100000000000000000e+01 -3.004865730207418650e+00 -9.258830277315402313e+00 nan
-3.245778917151642240e+00 2.185091656463875043e-02 -2.341941541679837258e+00 5.000000000000000000e+01 -3.004865730207418650e+00 -9.258830277315402313e+00 nan
-3.243335293945596387e+00 2.173067160233277048e-02 -2.362144248997356755e+00 4.900000000000000000e+01 -3.004865730207418650e+00 -9.258830277315402313e+00 nan
-3.240897627480849419e+00 2.196538547135251998e-02 -2.382763536200092513e+00 4.800000000000000000e+01 -3.004865730207418650e+00 -9.258830277315402313e+00 nan
-3.238465888786895786e+00 2.167200465738261528e-02 -2.403816945397924787e+00 4.700000000000000000e+01 -3.004865730207418650e+00 -9.258830277315402313e+00 nan
-3.236040049104063954e+00 2.145924732819314354e-02 -2.425323150618888590e+00 4.600000000000000000e+01 -3.004865730207418650e+00 -9.258830277315402313e+00 nan
-3.233620079881475373e+00 2.104525500860067802e-02 -2.447302057337664039e+00 4.500000000000000000e+01 -3.004865730207418650e+00 -9.258830277315402313e+00 nan
-3.231205952775028312e+00 2.169899676851066300e-02 -2.469774913189722643e+00 4.400000000000000000e+01 -3.004865730207418650e+00 -9.258830277315402313e+00 nan
-3.228797639645404782e+00 2.201058249861544483e-02 -2.492764431414421278e+00 4.300000000000000000e+01 -3.004865730207418650e+00 -9.258830277315402313e+00 nan
-3.226395112556104561e+00 2.172877585912777118e-02 -2.516294928824615251e+00 4.200000000000000000e+01 -3.004865730207418650e+00 -9.258830277315402313e+00 nan
-3.223998343771499631e+00 2.154977808894985303e-02 -2.540392480403675712e+00 4.100000000000000000e+01 -3.004865730207418650e+00 -9.258830277315402313e+00 nan
-3.221607305754912165e+00 2.223632560123197516e-02 -2.565085092994047411e+00 4.000000000000000000e+01 -3.004865730207418650e+00 -9.258830277315402313e+00 nan
-3.219221971166718266e+00 2.144215899952611748e-02 -2.590402900978337364e+00 3.900000000000000000e+01 -3.004865730207418650e+00 -9.258830277315402313e+00 nan
-3.216842312862470799e+00 2.191602306610143311e-02 -2.616378387381598003e+00 3.800000000000000000e+01 -3.004865730207418650e+00 -9.258830277315402313e+00 nan
-3.214468303891045764e+00 2.217824149342125656e-02 -2.643046634463759315e+00 3.700000000000000000e+01 -3.004865730207418650e+00 -9.258830277315402313e+00 nan
-3.212099917492812651e+00 2.189745775820440762e-02 -2.670445608651873748e+00 3.600000000000000000e+01 -3.004865730207418650e+00 -9.258830277315402313e+00 nan
-3.209737127097822551e+00 2.229157720678134891e-02 -2.698616485618570149e+00 3.500000000000000000e+01 -3.004865730207418650e+00 -9.258830277315402313e+00 nan
-3.207379906324020702e+00 2.256546242652202050e-02 -2.727604022491822544e+00 3.400000000000000000e+01 -3.004865730207418650e+00 -9.258830277315402313e+00 nan
-3.205028228975478566e+00 2.249892956979025749e-02 -2.757456985641503877e+00 3.300000000000000000e+01 -3.004865730207418650e+00 -9.258830277315402313e+00 nan
-3.202682069040648116e+00 2.198449729667686925e-02 -2.788228644308257564e+00 3.200000000000000000e+01 -3.004865730207418650e+00 -9.258830277315402313e+00 nan
-3.200341400690634330e+00 2.235684823778051264e-02 -2.819977342622837835e+00 3.100000000000000000e+01 -3.004865730207418650e+00 -9.258830277315402313e+00 nan
-3.198006198277489887e+00 2.333088148014515750e-02 -2.852767165445828645e+00 3.000000000000000000e+01 -3.004865730207418650e+00 -9.258830277315402313e+00 nan
-3.195676436332527626e+00 2.246400293395849415e-02 -2.886668717121509964e+00 2.900000000000000000e+01 -3.004865730207418650e+00 -9.258830277315402313e+00 nan
-3.193352089564655660e+00 2.245072426617723133e-02 -2.921760036932779858e+00 2.800000000000000000e+01 -3.004865730207418650e+00 -9.258830277315402313e+00 nan
-3.191033132858729360e+00 2.345543214114824415e-02 -2.958127681103654538e+00 2.700000000000000000e+01 -3.004865730207418650e+00 -9.258830277315402313e+00 nan
-3.188719541273921987e+00 2.392374219788380094e-02 -2.995868009086501527e+00 2.600000000000000000e+01 -3.004865730207418650e+00 -9.258830277315402313e+00 nan
-3.186411290042116651e+00 2.401626003189708328e-02 -3.035088722239782655e+00 2.500000000000000000e+01 -3.004865730207418650e+00 -9.258830277315402313e+00 nan
-3.184108354566315136e+00 2.336812401600239092e-02 -3.075910716760037911e+00 2.400000000000000000e+01 -3.004865730207418650e+00 -9.258830277315402313e+00 nan
-3.181810710419064048e+00 2.199756899332373783e-02 -3.118470331178833987e+00 2.300000000000000000e+01 -3.004865730207418650e+00 -9.258830277315402313e+00 nan
-3.179518333340901837e+00 2.158837360693376811e-02 -3.162922093749667596e+00 2.200000000000000000e+01 -3.004865730207418650e+00 -9.258830277315402313e+00 nan
-3.177231199238820469e+00 2.125156971871653561e-02 -3.209442109384560649e+00 2.100000000000000000e+01 -3.004865730207418650e+00 -9.258830277315402313e+00 nan
-3.174949284184747089e+00 2.012361779690159322e-02 -3.258232273553992808e+00 2.000000000000000000e+01 -3.004865730207418650e+00 -9.258830277315402313e+00 nan
-3.172672564414041663e+00 2.023799210275185542e-02 -3.309525567941543400e+00 1.900000000000000000e+01 -3.004865730207418650e+00 -9.258830277315402313e+00 nan
-3.170401016324011945e+00 2.014116505115028100e-02 -3.363592789211819145e+00 1.800000000000000000e+01 -3.004865730207418650e+00 -9.258830277315402313e+00 nan
-3.168134616472444876e+00 1.997976736421446312e-02 -3.420751203051767941e+00 1.700000000000000000e+01 -3.004865730207418650e+00 -9.258830277315402313e+00 nan
-3.165873341576156186e+00 1.991527325293281775e-02 -3.481375824868202962e+00 1.600000000000000000e+01 -3.004865730207418650e+00 -9.258830277315402313e+00 nan
-3.163617168509553323e+00 1.962771457673253769e-02 -3.545914346005774043e+00 1.500000000000000000e+01 -3.004865730207418650e+00 -9.258830277315402313e+00 nan
-3.161366074303218809e+00 2.040689869186854133e-02 -3.614907217492725700e+00 1.400000000000000000e+01 -3.004865730207418650e+00 -9.258830277315402313e+00 nan
-3.159120036142505583e+00 2.103040767268591141e-02 -3.689015189646447368e+00 1.300000000000000000e+01 -3.004865730207418650e+00 -9.258830277315402313e+00 nan
-3.156879031366149668e+00 2.080636501947314213e-02 -3.769057897319983752e+00 1.200000000000000000e+01 -3.004865730207418650e+00 -9.258830277315402313e+00 nan
-3.154643037464898825e+00 2.042732954680636856e-02 -3.856069274309613437e+00 1.100000000000000000e+01 -3.004865730207418650e+00 -9.258830277315402313e+00 nan
-3.152412032080155413e+00 2.107974656306849798e-02 -3.951379454113938205e+00 1.000000000000000000e+01 -3.004865730207418650e+00 -9.258830277315402313e+00 nan
-3.150185993002636131e+00 2.006342407136759570e-02 -4.056739969771764542e+00 9.000000000000000000e+00 -3.004865730207418650e+00 -9.258830277315402313e+00 nan
-3.147964898171043746e+00 2.025930648415993213e-02 -4.174523005428148359e+00 8.000000000000000000e+00 -3.004865730207418650e+00 -9.258830277315402313e+00 nan
-3.145748725670757029e+00 2.021926723853819871e-02 -4.308054398052671097e+00 7.000000000000000000e+00 -3.004865730207418650e+00 -9.258830277315404089e+00 nan
-3.143537453732531795e+00 2.063223934644786359e-02 -4.462205077879929149e+00 6.000000000000000000e+00 -3.004865730207418650e+00 -9.258830277315402313e+00 nan
-3.141331060731218816e+00 2.130335116773202087e-02 -4.644526634673884047e+00 5.000000000000000000e+00 -3.004865730207418650e+00 -9.357164165851822091e+00 8.000000000000000444e-01
-3.139335501697646968e+00 2.162767591271460774e-02 -4.844526634673884224e+00 5.000000000000000000e+00 -2.573434945476529734e+00 -9.027399492584514462e+00 nan
-3.136566998763067549e+00 2.143330865597171259e-02 -5.067670185988093934e+00 4.000000000000000000e+00 -1.766093789081822019e+00 -8.220058336189806525e+00 nan
-3.130387897710481759e+00 2.356979472117083294e-02 -5.355352258439874724e+00 3.000000000000000000e+00 -9.732971867079623918e-01 -7.427261733815947231e+00 nan
-3.116868652990972155e+00 2.571925477096215218e-02 -5.760817366548039331e+00 2.000000000000000000e+00 -5.387410360337275828e-01 -6.992705583141712644e+00 nan
-3.096343761875155476e+00 3.346502081342309781e-02 -5.760817366548039331e+00 1.000000000000000000e+00 -4.981987030740399613e-01 -6.952163250182024967e+00 nan
